$ 1 0.000005 10.20027730826997 50 5 50
a 976 400 1072 400 8 15 -15 1000000 -0.9685456801340397 -3.05413490068163 100000
j 1008 320 1008 288 32 -4 0.00125
j 1072 320 1072 288 32 -4 0.00125
r 1088 288 1152 288 0 1000
r 992 288 928 288 0 1000
w 1024 288 1056 288 0
w 1072 320 1152 320 0
w 1152 288 1152 320 0
r 1072 400 1120 400 0 1000
r 976 464 1040 464 0 1000
r 976 464 976 528 0 1000
w 976 464 976 416 0
w 1152 400 1152 320 0
w 976 384 928 384 0
w 928 288 928 336 0
w 1008 320 928 320 0
w 928 288 928 320 0
c 928 432 928 528 0 0.0000049999999999999996 -0.9685456801340399
z 1152 400 1152 464 1 0.805904783 5.6
z 1152 528 1152 464 1 0.805904783 5.6
w 928 528 976 528 0
w 976 528 1056 528 0
g 1056 528 1056 544 0
w 1056 528 1152 528 0
w 1040 464 1136 464 0
w 1136 464 1136 400 0
w 1120 400 1136 400 0
w 1136 400 1152 400 0
a 1056 624 1152 624 8 15 -15 1000000 -0.9685263097218778 -0.9685359948881245 100000
r 960 608 1008 608 0 1000
r 960 640 1008 640 0 1000
r 1008 640 1056 640 0 1000
w 1008 608 1056 608 0
w 960 608 960 640 0
w 768 336 768 624 0
w 912 608 960 608 0
t 976 704 1008 704 0 1 -14.0316725489039 -15.000208543792025 100
w 1008 688 1008 640 0
w 976 704 944 704 0
w 944 704 944 576 0
w 944 576 1040 576 0
w 1040 496 1040 576 0
w 1008 720 1008 736 0
g 1008 736 1008 752 0
w 1040 496 1072 496 0
w 1056 608 1056 576 0
w 1056 576 1072 576 0
r 1072 576 1120 576 0 1000
w 1120 576 1152 576 0
w 1152 576 1152 624 0
w 1152 624 1264 624 0
a 816 608 912 608 8 15 -15 1000000 -0.968535994774092 -0.9685456801340397 100000
w 768 624 816 624 0
w 880 336 768 336 0
w 816 592 816 560 0
w 816 560 912 560 0
w 912 608 912 560 0
r 1072 416 1072 496 0 1000
w 1072 416 1072 400 0
w 1152 400 1264 400 0
w 912 608 912 784 0
w 1152 624 1152 672 0
w 1232 688 1264 688 0
a 1152 688 1232 688 8 15 -15 1000000 -0.9685166246696634 0.7 100000
172 1152 704 1120 704 0 7 0.7 5 0 0 0.5 Voltage
x 1245 719 1304 722 4 24 PWM
x 1250 213 1368 216 4 24 triangular
x 1248 650 1439 653 4 24 diente\sde\ssierra
x 1254 433 1367 436 4 24 cuadrada
S 912 400 912 432 0 0 false 0 2
c 896 432 896 528 0 0.000001 2.018555711654655
w 896 528 928 528 0
w 912 384 912 400 0
w 880 336 928 336 0
S 848 400 848 432 0 0 false 0 2
c 864 432 864 528 0 1.0000000000000001e-7 0.9612006324592285
c 832 432 832 528 0 1e-8 -1.9153363494631077
w 832 528 864 528 0
w 864 528 896 528 0
S 880 336 880 368 0 0 false 0 2
w 848 400 864 368 0
w 912 384 896 368 0
w 928 384 928 336 0
w 864 912 880 912 0
w 864 960 864 912 0
w 1360 784 1360 864 0
O 1360 784 1408 784 0
r 960 784 912 784 0 200
w 1280 784 1360 784 0
w 1200 784 1280 784 0
w 1120 784 1200 784 0
w 1040 784 1120 784 0
w 960 784 1040 784 0
r 1280 864 1280 784 0 120
r 1200 864 1200 784 0 330
r 1120 864 1120 784 0 470
r 1040 864 1040 784 0 1000
r 960 864 960 784 0 2000
w 1344 864 1360 864 0
w 1264 864 1280 864 0
w 1184 864 1200 864 0
w 1104 864 1120 864 0
w 1024 864 1040 864 0
w 944 864 960 864 0
R 1344 960 1408 960 0 0 40 -2.4 0 0 0.5
R 1360 912 1408 912 0 0 40 2.4 0 0 0.5
r 1280 912 1328 912 0 39
r 1200 912 1248 912 0 30
w 1328 912 1360 912 0
w 1248 912 1280 912 0
d 1360 864 1360 912 1 0.805904783
d 1280 864 1280 912 1 0.805904783
d 1344 960 1344 864 1 0.805904783
d 1264 960 1264 864 1 0.805904783
r 1264 960 1344 960 0 39
r 1184 960 1264 960 0 30
r 1120 912 1168 912 0 47
w 1200 912 1168 912 0
d 1200 864 1200 912 1 0.805904783
d 1184 960 1184 864 1 0.805904783
r 1104 960 1184 960 0 47
r 1040 912 1088 912 0 82
r 1024 960 1104 960 0 82
w 1120 912 1088 912 0
d 1120 864 1120 912 1 0.805904783
d 1104 960 1104 864 1 0.805904783
d 1040 864 1040 912 1 0.805904783
d 1024 960 1024 864 1 0.805904783
w 1008 912 1040 912 0
r 944 960 1024 960 0 33
r 960 912 1008 912 0 33
r 864 960 944 960 0 100
r 928 912 880 912 0 100
w 928 912 960 912 0
d 960 864 960 912 1 0.805904783
d 944 960 944 864 1 0.805904783
a 976 176 1072 176 8 15 -15 1000000 -0.968535994774092 -0.9685456801340397 100000
w 976 160 976 112 0
w 976 112 1072 112 0
w 1072 112 1072 176 0
w 976 192 768 192 0
w 768 192 768 336 0
w 1072 176 1264 176 0
x 1365 768 1467 771 4 24 senoidal
o 50 64 0 4099 5 0.00009765625 0 2 50 3
o 59 64 0 4099 10 0.00009765625 0 2 59 3
o 62 64 0 4099 20 0.00009765625 0 2 62 3
o 86 64 0 4098 2.5 0.1 0 1
o 142 64 0 4099 5 0.00009765625 0 2 142 3
