$ 1 0.000005 10.20027730826997 50 5 50
a 976 592 1072 592 8 15 -15 1000000 -2.9611774819396115 -3.0584049923425645 100000
j 1008 512 1008 480 32 -4 0.00125
j 1072 512 1072 480 32 -4 0.00125
r 1088 480 1152 480 0 1000
r 992 480 928 480 0 1000
w 1024 480 1056 480 0
w 1072 512 1152 512 0
w 1152 480 1152 512 0
r 1072 592 1120 592 0 1000
r 976 656 1040 656 0 1000
r 976 656 976 720 0 1000
w 976 656 976 608 0
w 1152 592 1152 512 0
w 976 576 928 576 0
w 928 480 928 576 0
w 1008 512 928 512 0
w 928 480 928 512 0
c 928 576 928 720 0 0.00001 -2.9611774819396115
z 1152 592 1152 656 1 0.805904783 5.6
z 1152 720 1152 656 1 0.805904783 5.6
w 928 720 976 720 0
w 976 720 1056 720 0
g 1056 720 1056 736 0
w 1056 720 1152 720 0
w 1040 656 1136 656 0
w 1136 656 1136 592 0
w 1120 592 1136 592 0
w 1136 592 1152 592 0
x 401 803 1688 806 4 24 https://catedra.ing.unlp.edu.ar/electrotecnia/electronicos2/download/Apuntes/Teo4.2-OsciladoresNoSin.pdf
o 26 64 0 4099 10 0.025 0 2 26 3
o 13 64 0 4099 5 0.00009765625 0 2 13 3
