$ 1 0.000005 10.20027730826997 50 5 50
a 976 400 1072 400 8 15 -15 1000000 -0.015042516678842112 3.054136451815018 100000
j 1008 320 1008 288 32 -4 0.00125
j 1072 320 1072 288 32 -4 0.00125
r 1088 288 1152 288 0 1000
r 992 288 928 288 0 1000
w 1024 288 1056 288 0
w 1072 320 1152 320 0
w 1152 288 1152 320 0
r 1072 400 1120 400 0 1000
r 976 464 1040 464 0 1000
r 976 464 976 528 0 1000
w 976 464 976 416 0
w 1152 400 1152 320 0
w 976 384 928 384 0
w 928 288 928 384 0
w 1008 320 928 320 0
w 928 288 928 320 0
c 928 384 928 528 0 0.00001 -0.015042516678842112
z 1152 400 1152 464 1 0.805904783 5.6
z 1152 528 1152 464 1 0.805904783 5.6
w 928 528 976 528 0
w 976 528 1056 528 0
g 1056 528 1056 544 0
w 1056 528 1152 528 0
w 1040 464 1136 464 0
w 1136 464 1136 400 0
w 1120 400 1136 400 0
w 1136 400 1152 400 0
a 1056 624 1152 624 8 15 -15 1000000 0.017897379645455975 0.01789788801671144 100000
r 960 608 1008 608 0 1000
r 960 640 1008 640 0 1000
r 1008 640 1056 640 0 1000
w 1008 608 1056 608 0
w 960 608 960 640 0
w 768 384 768 624 0
w 912 608 960 608 0
t 976 704 1008 704 0 1 0.6638931161128394 0.6817910041295536 100
w 1008 688 1008 640 0
w 976 704 944 704 0
w 944 704 944 576 0
w 944 576 1040 576 0
w 1040 496 1040 576 0
w 1008 720 1008 736 0
g 1008 736 1008 752 0
w 1040 496 1072 496 0
w 1056 608 1056 576 0
w 1056 576 1072 576 0
r 1072 576 1120 576 0 1000
w 1120 576 1152 576 0
w 1152 576 1152 624 0
w 1152 624 1184 624 0
a 816 608 912 608 8 15 -15 1000000 -0.015042366255179561 -0.015042516678842112 100000
w 768 624 816 624 0
w 928 384 768 384 0
w 816 592 816 560 0
w 816 560 912 560 0
w 912 608 912 560 0
r 1072 416 1072 496 0 1000
w 1072 416 1072 400 0
o 26 64 0 4099 10 0.0125 0 2 26 3
o 13 64 0 4099 5 0.00009765625 0 2 13 3
o 50 64 0 4099 5 0.00009765625 0 2 50 3
