$ 1 0.000005 10.20027730826997 50 5 50
a 976 400 1072 400 8 15 -15 1000000 -2.545553237864983 -3.056758983035013 100000
j 1008 320 1008 288 32 -4 0.00125
j 1072 320 1072 288 32 -4 0.00125
r 1088 288 1152 288 0 1000
r 992 288 928 288 0 1000
w 1024 288 1056 288 0
w 1072 320 1152 320 0
w 1152 288 1152 320 0
r 1072 400 1120 400 0 1000
r 976 464 1040 464 0 1000
r 976 464 976 528 0 1000
w 976 464 976 416 0
w 1152 400 1152 320 0
w 976 384 928 384 0
w 928 288 928 336 0
w 1008 320 928 320 0
w 928 288 928 320 0
c 928 432 928 528 0 0.000009999999999999999 -2.545553237864983
z 1152 400 1152 464 1 0.805904783 5.6
z 1152 528 1152 464 1 0.805904783 5.6
w 928 528 976 528 0
w 976 528 1056 528 0
g 1056 528 1056 544 0
w 1056 528 1152 528 0
w 1040 464 1136 464 0
w 1136 464 1136 400 0
w 1120 400 1136 400 0
w 1136 400 1152 400 0
a 1056 624 1152 624 8 15 -15 1000000 -2.5455023279308784 -2.545527782699611 100000
r 960 608 1008 608 0 1000
r 960 640 1008 640 0 1000
r 1008 640 1056 640 0 1000
w 1008 608 1056 608 0
w 960 608 960 640 0
w 768 336 768 624 0
w 912 608 960 608 0
t 976 704 1008 704 0 1 -12.454523322746454 -15.000051105446065 100
w 1008 688 1008 640 0
w 976 704 944 704 0
w 944 704 944 576 0
w 944 576 1040 576 0
w 1040 496 1040 576 0
w 1008 720 1008 736 0
g 1008 736 1008 752 0
w 1040 496 1072 496 0
w 1056 608 1056 576 0
w 1056 576 1072 576 0
r 1072 576 1120 576 0 1000
w 1120 576 1152 576 0
w 1152 576 1152 624 0
w 1152 624 1264 624 0
a 816 608 912 608 8 15 -15 1000000 -2.545527782587157 -2.545553237864983 100000
w 768 624 816 624 0
w 880 336 768 336 0
w 816 592 816 560 0
w 816 560 912 560 0
w 912 608 912 560 0
r 1072 416 1072 496 0 1000
w 1072 416 1072 400 0
w 1152 400 1264 400 0
w 912 608 912 784 0
w 912 784 1264 784 0
w 1152 624 1152 672 0
w 1232 688 1264 688 0
a 1152 688 1232 688 8 15 -15 1000000 -2.5454768732746 0.7 100000
172 1152 704 1120 704 0 7 0.7 5 0 0 0.5 Voltage
x 1245 719 1304 722 4 24 PWM
x 1248 822 1366 825 4 24 triangular
x 1248 650 1440 653 4 24 diente\sde\ssierra
x 1254 433 1367 436 4 24 cuadrada
S 912 400 912 432 0 0 false 0 2
c 896 432 896 528 0 0.000001 -0.0362932287535145
w 896 528 928 528 0
w 912 384 912 400 0
w 880 336 928 336 0
S 848 400 848 432 0 0 false 0 2
c 864 432 864 528 0 1.0000000000000001e-7 -3.0821732450984523
c 832 432 832 528 0 1e-8 -1.9153363494631632
w 832 528 864 528 0
w 864 528 896 528 0
S 880 336 880 368 0 0 false 0 2
w 848 400 864 368 0
w 912 384 896 368 0
w 928 384 928 336 0
o 50 64 0 4099 5 0.00009765625 0 2 50 3
o 59 64 0 4099 10 0.00009765625 0 2 59 3
o 61 64 0 4099 5 0.00009765625 0 2 61 3
o 63 64 0 4099 20 0.00009765625 0 2 63 3
